9, 16, 
0000,0000,0000,0000,0000,0000,0000,0000,0000,0000,0000,0000,0000,0000,0000,b4nt,
0000,0000,0000,0000,0000,0000,0000,0000,0000,0000,0000,0000,0000,0000,0000,b4nt,
0000,0000,0000,0000,0000,0000,0000,0000,0000,0000,0000,0000,0000,0000,0000,b4nt,
0000,0000,0000,0000,0000,0000,0000,0000,0000,0000,0000,0000,0000,0000,0000,b4nt,
0000,0000,0000,0000,0000,0000,0000,0000,0000,0000,0000,0000,0000,b1nt,b2nt,n1nt,
0000,0000,0000,0000,0000,0000,0000,0000,0000,0000,0000,0000,0000,b7nt,b8nt,b8nt,
0000,0000,0000,0000,0000,0000,0000,0000,0000,0000,0000,0000,0000,0000,e2nt,0000,
0000,0000,0000,0000,0000,0000,0000,0000,0000,0000,0000,0000,0000,b1nt,b2nt,b2nt,
0000,0000,0000,0000,0000,b1nt,b2nt,b2nt,b2nt,b3nt,0000,0000,0000,b7nt,b8nt,b8nt,
