9, 16, 
0000,0000,0000,0000,0000,0000,0000,0000,0000,0000,0000,0000,0000,0000,0000,b4nt,
0000,0000,0000,0000,0000,0000,0000,0000,0000,0000,0000,0000,0000,0000,0000,b4nt,
0000,0000,0000,0000,0000,0000,0000,0000,0000,0000,0000,0000,0000,0000,0000,b4nt,
b3nt,0000,0000,0000,0000,0000,0000,0000,0000,0000,0000,0000,0000,0000,0000,b4nt,
b6nt,0000,0000,0000,0000,0000,0000,0000,0000,0000,0000,0000,e2nt,e2nt,0000,b4nt,
b6nt,0000,0000,0000,0000,0000,0000,0000,0000,0000,0000,b1nt,b2nt,b2nt,b2nt,n1nt,
b6nt,0000,0000,0000,0000,0000,0000,0000,0000,0000,e1nt,b4nt,i1nt,i2nt,i2nt,i2nt,
b6nt,e3nt,0000,0000,0000,0000,0000,0000,0000,0000,0000,b4nt,i4nt,i5nt,i5nt,i5nt,
n2nt,b2nt,b2nt,b3nt,0000,0000,e2nt,0000,0000,b1nt,b2nt,n1nt,i4nt,i5nt,i5nt,i5nt,
