9, 16, 
0000,0000,0000,0000,0000,0000,0000,0000,0000,0000,0000,0000,0000,0000,0000,b4nt,
0000,0000,0000,0000,0000,0000,0000,0000,0000,0000,0000,0000,0000,0000,0000,b4nt,
0000,0000,0000,0000,0000,0000,0000,0000,0000,0000,0000,0000,0000,0000,0000,b4nt,
0000,0000,0000,0000,0000,0000,0000,0000,0000,0000,0000,0000,0000,0000,0000,b4nt,
0000,0000,0000,0000,0000,0000,0000,0000,0000,0000,0000,0000,0000,0000,0000,b4nt,
0000,0000,0000,0000,0000,0000,0000,0000,0000,0000,0000,0000,0000,0000,0000,b4nt,
b2nt,b2nt,b2nt,b2nt,b2nt,b2nt,b3nt,0000,0000,0000,0000,0000,0000,0000,0000,b4nt,
i2nt,i2nt,i2nt,i2nt,i2nt,i3nt,b6nt,0000,0000,0000,0000,0000,0000,0000,0000,b4nt,
i5nt,i5nt,i5nt,i5nt,i5nt,i6nt,b6nt,0000,0000,0000,e2nt,0000,0000,0000,0000,b4nt,
