9, 16, 
b6nt,0000,0000,0000,0000,0000,0000,0000,0000,0000,0000,0000,0000,b4nt,i5nt,b6nt,
b6nt,0000,0000,0000,0000,0000,0000,0000,0000,0000,0000,0000,0000,b4nt,i5nt,b6nt,
b6nt,0000,0000,0000,0000,0000,0000,0000,0000,0000,0000,0000,0000,b4nt,i5nt,b6nt,
b6nt,0000,0000,0000,0000,0000,0000,0000,0000,0000,0000,0000,0000,b4nt,i5nt,b6nt,
b6nt,0000,0000,0000,0000,0000,0000,0000,0000,0000,0000,0000,0000,b4nt,i5nt,b6nt,
b6nt,0000,0000,0000,0000,0000,0000,0000,0000,0000,0000,0000,0000,b4nt,i5nt,b6nt,
b6nt,0000,0000,0000,0000,0000,0000,0000,0000,0000,0000,0000,0000,b4nt,i5nt,b6nt,
b6nt,0000,0000,0000,0000,0000,0000,0000,0000,0000,0000,0000,0000,b4nt,i5nt,b6nt,
b6nt,0000,0000,0000,0000,0000,0000,0000,0000,0000,0000,0000,0000,b4nt,i5nt,b6nt,
