9, 16, 
0000,0000,0000,0000,0000,0000,0000,0000,0000,0000,0000,0000,0000,0000,0000,0000,
b3nt,0000,0000,0000,0000,0000,0000,0000,0000,0000,0000,0000,0000,0000,0000,0000,
b6nt,e2nt,0000,0000,0000,0000,0000,0000,0000,0000,0000,0000,0000,0000,0000,0000,
b6nt,e2nt,0000,0000,0000,0000,0000,e2nt,0000,0000,0000,0000,0000,0000,0000,0000,
b6nt,e2nt,0000,0000,0000,0000,0000,0000,0000,0000,0000,0000,0000,0000,0000,0000,
n2nt,b3nt,0000,0000,e1nt,0000,0000,0000,0000,e1nt,0000,0000,b1nt,b3nt,0000,0000,
i3nt,b6nt,0000,0000,0000,0000,0000,0000,0000,0000,0000,0000,b4nt,b6nt,0000,0000,
i6nt,b6nt,0000,0000,0000,0000,0000,0000,0000,0000,0000,0000,b4nt,n2nt,b2nt,b2nt,
i6nt,b6nt,0000,0000,0000,0000,0000,0000,0000,0000,0000,0000,b4nt,i1nt,i2nt,i2nt,
