9, 16, 
0000,0000,0000,0000,0000,0000,0000,0000,e2nt,0000,0000,0000,0000,0000,0000,0000,
0000,0000,0000,0000,0000,0000,0000,0000,0000,e2nt,0000,0000,0000,0000,0000,0000,
0000,0000,0000,0000,0000,e2nt,e2nt,e2nt,e2nt,e2nt,e2nt,0000,0000,0000,0000,0000,
0000,0000,0000,0000,0000,0000,0000,0000,0000,e2nt,0000,0000,0000,0000,0000,0000,
0000,0000,0000,0000,0000,0000,0000,0000,e2nt,0000,0000,0000,0000,0000,0000,0000,
0000,0000,0000,0000,0000,0000,0000,0000,0000,0000,0000,0000,0000,0000,0000,0000,
0000,0000,0000,0000,0000,0000,0000,0000,0000,0000,0000,0000,0000,0000,0000,b1nt,
b2nt,b3nt,0000,0000,0000,0000,0000,0000,0000,0000,0000,0000,0000,0000,0000,b4nt,
i3nt,b6nt,0000,0000,0000,0000,0000,0000,0000,0000,0000,0000,0000,0000,0000,b4nt,
