9, 16, 
b6nt,e2nt,e2nt,0000,0000,0000,0000,0000,0000,0000,0000,0000,0000,0000,0000,0000,
n2nt,b2nt,b2nt,b3nt,0000,0000,0000,0000,0000,0000,0000,0000,0000,0000,0000,0000,
n4nt,b8nt,b8nt,b9nt,0000,0000,e1nt,0000,0000,0000,0000,0000,0000,0000,0000,0000,
b6nt,0000,0000,0000,0000,0000,0000,0000,0000,0000,0000,0000,0000,0000,0000,0000,
b6nt,0000,0000,0000,0000,0000,0000,0000,b1nt,b2nt,b2nt,b3nt,0000,0000,0000,0000,
b6nt,0000,0000,0000,0000,0000,0000,0000,b7nt,b8nt,n3nt,b6nt,0000,0000,0000,0000,
b6nt,0000,0000,0000,0000,0000,0000,0000,0000,0000,b4nt,n2nt,b3nt,0000,0000,0000,
b6nt,0000,0000,0000,0000,0000,0000,0000,0000,0000,b7nt,n3nt,b6nt,0000,0000,0000,
b6nt,0000,0000,0000,0000,0000,0000,0000,0000,0000,0000,b4nt,n2nt,b2nt,b2nt,b2nt,
