9, 16, 
0000,0000,0000,0000,0000,0000,0000,0000,0000,0000,0000,0000,0000,0000,0000,0000,
0000,0000,0000,0000,0000,0000,0000,0000,0000,0000,0000,0000,0000,0000,0000,0000,
0000,0000,e3nt,0000,0000,0000,0000,0000,0000,0000,0000,0000,0000,e2nt,e2nt,0000,
b2nt,b2nt,b3nt,0000,0000,0000,0000,0000,0000,0000,e1nt,0000,0000,0000,0000,0000,
b8nt,b8nt,b9nt,0000,0000,0000,0000,0000,0000,b1nt,b3nt,0000,0000,0000,0000,0000,
0000,0000,0000,0000,0000,b1nt,b3nt,0000,0000,b7nt,b9nt,0000,0000,0000,0000,0000,
0000,0000,0000,0000,0000,b7nt,b9nt,0000,0000,0000,0000,0000,0000,0000,0000,0000,
0000,0000,0000,0000,0000,0000,0000,0000,0000,0000,0000,0000,0000,0000,b1nt,b2nt,
0000,0000,0000,0000,0000,0000,0000,0000,0000,0000,0000,0000,0000,0000,b7nt,b8nt,
