9, 16, 
0000,0000,0000,0000,0000,0000,0000,0000,0000,0000,0000,0000,0000,0000,0000,0000,
0000,0000,0000,0000,0000,0000,0000,0000,0000,0000,0000,0000,0000,0000,0000,0000,
0000,0000,0000,0000,0000,0000,0000,0000,0000,0000,0000,0000,0000,0000,0000,0000,
0000,0000,0000,0000,0000,0000,0000,0000,0000,0000,0000,0000,0000,0000,b1nt,b2nt,
0000,0000,0000,0000,0000,0000,0000,0000,0000,0000,0000,0000,0000,e2nt,b4nt,i1nt,
0000,0000,0000,0000,0000,0000,0000,0000,0000,0000,0000,0000,b1nt,b2nt,n1nt,i4nt,
0000,e3nt,0000,0000,0000,0000,0000,0000,0000,0000,0000,e2nt,b4nt,i1nt,i2nt,i5nt,
b2nt,b3nt,0000,0000,e1nt,0000,0000,e1nt,0000,0000,b1nt,b2nt,n1nt,i4nt,i5nt,i5nt,
b8nt,b9nt,0000,0000,0000,0000,0000,0000,0000,0000,b4nt,i1nt,i2nt,i5nt,i5nt,i5nt,
