9, 16, 
0000,0000,0000,0000,0000,0000,0000,0000,0000,0000,0000,0000,0000,0000,0000,0000,
0000,0000,0000,0000,0000,0000,0000,0000,0000,0000,0000,0000,0000,0000,0000,0000,
0000,0000,0000,0000,0000,0000,0000,0000,0000,0000,0000,0000,0000,0000,0000,0000,
0000,0000,0000,0000,0000,0000,0000,0000,0000,0000,0000,0000,0000,0000,0000,0000,
0000,0000,0000,0000,0000,0000,0000,0000,0000,0000,0000,0000,0000,0000,0000,0000,
0000,0000,0000,0000,0000,0000,0000,0000,0000,0000,0000,0000,0000,0000,0000,0000,
0000,0000,0000,0000,0000,0000,0000,0000,0000,0000,0000,b1nt,b2nt,b2nt,b2nt,b2nt,
0000,0000,0000,0000,0000,b1nt,b2nt,b2nt,b3nt,0000,0000,b4nt,i1nt,i2nt,i2nt,i2nt,
b2nt,b2nt,b2nt,b3nt,0000,b4nt,i1nt,i3nt,b6nt,0000,0000,b4nt,i4nt,i5nt,i5nt,i5nt,
