9, 16, 
i9nt,b6nt,0000,e2nt,0000,0000,0000,0000,0000,0000,0000,0000,0000,0000,0000,b4nt,
n4nt,b9nt,0000,b1nt,b3nt,0000,0000,0000,0000,0000,0000,0000,0000,0000,0000,b4nt,
b6nt,0000,0000,b4nt,n2nt,b3nt,0000,0000,0000,0000,0000,0000,0000,0000,0000,b4nt,
b6nt,0000,0000,b7nt,b8nt,b9nt,0000,e1nt,0000,0000,0000,0000,0000,0000,0000,b4nt,
b6nt,0000,0000,0000,0000,0000,0000,0000,0000,0000,0000,0000,0000,0000,0000,b4nt,
b6nt,0000,0000,0000,0000,0000,0000,0000,b1nt,b3nt,0000,0000,0000,0000,0000,b4nt,
b6nt,0000,0000,0000,0000,0000,0000,0000,b7nt,b9nt,e1nt,0000,0000,0000,0000,b4nt,
b6nt,0000,0000,0000,0000,0000,0000,0000,0000,0000,0000,0000,0000,e3nt,0000,b4nt,
b6nt,0000,0000,0000,0000,0000,0000,0000,0000,0000,0000,0000,b1nt,b2nt,b2nt,n1nt,
