9, 16, 
b6nt,0000,0000,0000,0000,0000,0000,0000,0000,0000,0000,0000,0000,0000,0000,0000,
b6nt,0000,0000,0000,0000,0000,0000,0000,0000,0000,0000,0000,0000,0000,0000,0000,
b6nt,0000,0000,0000,0000,0000,0000,0000,0000,0000,0000,0000,0000,0000,0000,0000,
b6nt,0000,0000,0000,0000,0000,e2nt,e2nt,0000,0000,0000,0000,0000,0000,0000,0000,
b6nt,0000,0000,0000,0000,0000,0000,0000,0000,0000,0000,0000,0000,0000,0000,0000,
b6nt,0000,0000,0000,0000,0000,0000,0000,0000,0000,0000,0000,0000,0000,0000,0000,
n2nt,b3nt,0000,0000,0000,0000,0000,0000,0000,0000,0000,0000,0000,0000,0000,0000,
b8nt,b9nt,0000,0000,0000,e1nt,0000,0000,e1nt,0000,b1nt,b2nt,b2nt,b2nt,b2nt,b2nt,
0000,0000,0000,0000,0000,0000,0000,0000,0000,0000,b4nt,i1nt,i2nt,i2nt,i2nt,i2nt,
