10, 15, 
0000,0000,0000,0000,0000,b3nt,0000,0000,0000,0000,0000,b3nt,0000,0000,0000,
0000,0000,0000,0000,0000,0000,0000,0000,0000,0000,0000,0000,0000,0000,0000,
0000,0000,0000,0000,0000,0000,b3nt,0000,0000,b3nt,0000,0000,0000,0000,0000,
0000,0000,0000,b3nt,0000,b3nt,b3nt,b3nt,0000,0000,b3nt,b3nt,0000,0000,0000,
0000,0000,0000,0000,0000,b3nt,0000,0000,0000,0000,0000,0000,0000,0000,0000,
0000,0000,b3nt,0000,0000,0000,0000,0000,b3nt,0000,b3nt,0000,b3nt,0000,0000,
0000,0000,0000,0000,0000,0000,b3nt,0000,0000,0000,0000,0000,0000,0000,0000,
0000,0000,b3nt,b3nt,b3nt,0000,b3nt,0000,0000,b3nt,0000,0000,b3nt,b3nt,0000,
0000,0000,0000,0000,0000,0000,0000,b3nt,0000,b3nt,0000,b3nt,0000,0000,0000,
0000,0000,0000,0000,0000,0000,0000,0000,0000,0000,0000,0000,0000,0000,0000,
