9, 15, 
0000,0000,0000,0000,0000,0000,0000,0000,0000,0000,0000,0000,0000,0000,0000,
0000,0000,0000,0000,0000,0000,0000,0000,0000,0000,0000,0000,0000,0000,0000,
0000,0000,0000,0000,0000,0000,0000,0000,0000,0000,0000,0000,0000,0000,0000,
0000,0000,0000,0000,0000,0000,0000,0000,0000,0000,0000,0000,0000,0000,0000,
0000,0000,0000,0000,0000,0000,0000,0000,0000,0000,0000,0000,0000,b1nt,b2nt,
0000,0000,0000,0000,0000,0000,0000,0000,0000,0000,0000,0000,0000,b4nt,i1nt,
0000,0000,0000,0000,0000,0000,0000,0000,0000,0000,0000,b1nt,b2nt,n1nt,i4nt,
b2nt,b2nt,b2nt,b2nt,b2nt,b2nt,b2nt,b2nt,b3nt,0000,0000,b4nt,i1nt,i2nt,i5nt,
i2nt,i2nt,i2nt,i2nt,i2nt,i2nt,i2nt,i3nt,b6nt,0000,0000,b4nt,i4nt,i5nt,i5nt,
